[header]
width=128
height=32
tilewidth=22
tileheight=22
orientation=orthogonal

[tilesets]
tileset=untitled folder/spritesheet_rgba.png,22,22,0,0

[layer]
type=tiles
data=
256,256,256,256,256,256,256,256,256,256,256,256,256,256,256,256,256,256,256,256,256,256,256,256,256,256,256,256,256,256,256,256,256,256,256,256,256,256,256,256,256,256,256,256,256,256,256,256,256,256,256,256,256,256,256,256,256,256,256,256,256,256,256,256,256,256,256,256,256,256,256,256,256,256,256,256,256,256,256,256,256,256,256,256,256,256,256,256,256,256,256,256,256,256,256,256,256,256,256,256,256,256,256,256,256,256,256,256,256,256,256,256,256,256,256,256,256,256,256,256,256,256,256,256,256,256,256,256,
256,256,256,256,256,256,256,256,256,256,256,256,256,256,256,256,256,256,256,256,256,256,256,256,256,256,256,256,256,256,256,256,256,256,256,256,256,256,256,256,256,256,256,256,256,256,256,256,256,256,256,256,256,256,256,256,256,256,256,256,256,256,256,256,256,256,256,256,256,256,256,256,256,256,256,256,256,256,256,256,256,256,256,256,256,256,256,256,256,256,256,256,256,256,256,256,256,256,256,256,256,256,256,256,256,256,256,256,256,256,256,256,256,256,256,256,256,256,256,256,256,256,256,256,256,256,256,256,
256,256,256,256,256,256,256,256,256,256,256,256,256,256,256,256,256,256,256,256,256,256,256,256,256,256,256,256,256,256,256,256,256,256,256,256,256,256,256,256,256,256,256,256,256,256,256,256,256,256,256,256,256,256,256,256,256,256,256,256,256,256,256,256,256,256,256,256,256,256,256,256,256,256,256,256,256,256,256,256,256,256,256,256,256,256,256,256,256,256,256,256,256,256,256,256,256,256,256,256,256,256,256,256,256,256,256,256,256,256,256,256,256,256,256,256,256,256,256,256,256,256,256,256,256,256,256,256,
256,256,256,256,256,256,256,256,256,256,256,256,256,256,256,256,256,256,256,256,256,256,256,256,256,256,256,256,256,256,256,256,256,256,256,256,256,256,256,256,256,256,256,256,256,256,256,256,256,256,256,256,256,256,256,256,256,256,256,256,256,256,256,256,256,256,256,256,256,256,256,256,256,256,256,256,256,256,256,256,256,256,256,256,256,256,256,256,256,256,256,256,256,256,256,256,256,256,256,256,256,256,256,256,256,256,256,256,256,256,256,256,256,256,256,256,256,256,256,256,256,256,256,256,256,256,256,256,
256,256,256,256,256,256,256,256,256,256,256,256,256,256,256,256,256,256,256,256,256,256,256,256,256,256,256,256,256,256,256,256,0,0,0,0,0,0,0,0,0,256,256,256,256,256,256,256,256,256,256,256,256,256,256,256,256,256,256,256,256,256,256,256,256,256,256,256,256,256,256,256,256,256,256,256,256,256,256,256,256,256,256,256,256,256,256,256,256,256,256,256,256,256,256,256,256,256,256,256,256,256,256,256,256,256,256,256,256,256,256,256,256,256,256,256,256,256,256,256,256,256,256,256,256,256,256,256,
256,256,256,256,256,256,256,256,256,256,256,256,256,256,256,256,256,256,256,256,256,256,256,256,256,256,256,256,256,256,0,0,256,256,0,0,0,0,0,0,0,0,0,256,256,256,256,256,256,256,256,256,256,256,256,256,256,256,256,256,256,256,256,256,256,256,256,256,256,256,256,256,256,256,256,256,256,256,256,256,256,256,256,256,256,256,256,256,256,256,256,256,256,256,256,256,256,256,256,256,256,256,256,256,256,256,256,256,256,256,256,256,256,256,256,256,256,256,256,256,256,256,256,256,256,256,256,256,
256,256,256,256,256,256,256,256,256,256,256,256,256,256,256,0,0,256,256,256,256,256,256,256,256,256,256,256,0,0,0,256,256,0,256,0,0,0,0,0,0,256,0,256,256,256,256,256,256,256,256,256,256,256,256,256,256,256,256,256,256,256,256,256,256,256,256,256,256,256,256,256,256,256,256,256,256,256,256,256,256,256,256,256,256,256,256,256,256,256,256,256,256,256,256,256,256,256,256,256,256,256,256,256,256,256,256,256,256,256,256,256,256,256,256,256,256,256,256,256,256,256,256,256,256,256,256,256,
256,256,256,256,256,256,256,256,256,256,256,256,256,256,256,0,0,0,0,0,256,256,256,256,256,256,256,256,0,256,0,0,0,0,0,0,256,256,256,256,0,0,0,0,0,0,0,0,0,0,0,0,0,0,0,0,0,0,0,0,0,0,0,0,0,0,0,0,0,0,0,0,0,0,0,0,0,0,0,0,0,0,0,0,0,0,0,0,0,0,0,0,256,256,256,256,256,256,256,256,256,256,256,256,256,256,256,256,256,256,256,256,256,256,256,256,256,256,256,256,256,256,256,256,256,256,256,256,
256,256,256,256,256,256,256,256,256,256,256,256,256,256,256,0,256,256,256,0,0,0,256,256,256,256,256,256,0,0,0,0,0,0,256,0,0,256,256,256,0,256,0,0,256,256,256,256,256,256,256,256,256,256,256,256,256,256,256,256,256,256,256,256,256,256,256,256,256,256,256,256,256,256,256,256,256,256,256,256,256,256,256,256,256,256,256,256,256,256,256,0,0,0,0,0,0,0,0,0,0,0,0,0,256,256,256,256,256,256,256,256,256,256,256,256,256,256,256,256,256,256,256,256,256,256,256,256,
256,256,256,256,0,256,256,256,256,256,256,256,256,256,256,0,256,256,256,256,256,0,256,256,256,256,256,256,0,0,0,0,0,256,256,256,0,256,256,0,256,256,0,0,256,256,256,256,256,256,256,256,256,256,256,256,256,256,256,256,256,256,256,256,256,256,256,256,256,256,256,256,256,256,256,256,256,256,256,256,256,256,256,256,256,256,256,256,256,256,256,0,0,0,0,0,0,0,0,0,0,0,256,256,256,256,256,256,256,256,256,256,256,256,256,256,256,256,256,256,256,256,256,256,256,256,256,256,
256,256,256,256,0,256,256,256,256,256,256,256,256,256,256,0,256,256,256,256,256,0,256,256,256,256,256,256,0,0,0,0,256,256,256,256,256,256,0,256,256,256,0,0,0,256,256,256,256,256,256,256,256,256,256,256,256,256,0,0,0,0,0,0,0,0,0,0,0,0,0,0,0,0,0,0,0,0,0,0,0,0,0,0,0,0,0,0,0,0,0,0,256,256,256,256,256,256,256,256,256,256,256,256,256,256,256,256,256,256,256,256,256,256,256,256,256,256,256,256,256,256,256,256,256,256,256,256,
256,256,256,256,0,256,256,0,0,0,0,0,256,256,256,0,0,0,0,256,256,0,256,256,256,256,256,256,256,0,0,0,0,0,0,0,0,0,0,0,0,0,0,0,256,256,256,256,256,256,256,256,256,256,256,256,0,0,0,256,256,256,256,256,256,256,256,256,256,256,256,256,256,256,256,256,256,256,256,256,256,256,256,256,256,256,256,256,256,256,256,256,256,256,256,256,256,256,256,256,256,256,256,256,256,256,256,256,256,256,256,256,256,256,256,256,256,256,256,256,256,256,256,256,256,256,256,256,
256,256,256,256,0,256,256,0,256,256,256,0,256,256,256,0,0,0,0,256,256,0,256,256,256,256,256,256,256,0,256,0,0,0,0,0,0,0,0,0,0,0,0,0,0,0,0,0,0,0,0,256,256,256,256,256,256,256,0,0,256,256,256,256,256,256,256,256,256,256,256,256,256,256,256,256,256,256,256,256,256,256,256,256,256,256,256,256,256,256,256,256,256,256,256,256,256,256,256,256,256,256,256,256,256,256,256,256,256,256,256,256,256,256,256,256,256,256,256,256,256,256,256,256,256,256,256,256,
256,256,256,256,0,256,256,0,256,256,256,0,256,256,256,256,256,256,0,256,256,0,256,256,256,256,256,256,256,0,256,256,256,256,256,256,256,256,256,256,256,0,0,0,0,0,0,0,0,0,0,0,0,0,256,256,256,256,256,0,0,0,0,0,0,0,0,0,0,0,0,0,0,0,0,256,256,256,256,256,256,256,256,256,256,256,256,256,256,256,256,256,256,256,256,256,256,256,256,256,256,256,256,256,256,256,256,256,256,256,256,256,256,256,256,256,256,256,256,256,256,256,256,256,256,256,256,256,
256,256,256,256,0,0,0,0,256,0,0,0,256,256,256,256,256,256,0,256,256,0,256,256,256,256,256,256,256,0,0,0,0,0,0,0,0,0,0,0,256,256,256,256,256,256,256,256,0,0,0,0,0,0,256,256,256,256,256,256,256,256,256,256,256,256,256,256,256,256,256,256,256,256,0,0,0,0,0,0,0,0,0,0,0,0,0,0,0,0,0,0,256,256,256,256,256,256,256,256,256,256,256,256,256,256,256,256,256,256,256,256,256,256,256,256,256,256,256,256,256,256,256,256,256,256,256,256,
256,256,256,256,256,256,256,256,256,0,256,256,256,256,256,256,256,256,0,256,256,0,256,256,256,256,256,256,256,256,256,256,256,256,256,256,256,256,256,256,0,0,0,0,0,0,0,0,0,256,256,256,0,256,256,256,256,256,256,256,256,256,256,256,256,256,256,256,256,256,256,256,256,256,256,256,256,256,256,256,256,256,256,256,256,256,256,256,256,256,256,0,0,0,0,0,0,0,0,0,0,256,256,256,256,256,256,256,256,256,256,256,256,256,256,256,256,256,256,256,256,256,256,256,256,256,256,256,
256,256,256,256,256,256,256,256,256,0,256,256,256,256,256,256,256,0,0,256,256,0,0,256,256,256,256,256,256,256,256,256,256,256,256,256,256,256,256,256,256,256,256,256,256,256,256,256,256,256,256,256,0,256,256,256,256,256,256,256,0,0,0,0,0,0,0,0,0,0,0,0,0,0,0,256,256,256,256,256,256,256,256,256,256,256,256,256,256,256,256,256,256,256,256,256,256,256,256,256,0,0,0,0,256,256,256,256,256,256,256,256,256,256,256,256,256,256,256,256,256,256,256,256,256,256,256,256,
256,256,256,256,256,256,256,256,256,0,0,0,256,256,256,256,256,0,0,256,256,256,0,256,256,256,256,256,256,256,256,256,256,256,256,256,256,256,256,256,256,256,256,256,256,256,256,256,256,256,256,0,0,0,0,0,0,0,0,0,0,256,256,256,256,256,256,256,256,256,256,256,256,256,256,256,256,256,256,256,256,256,256,256,256,0,0,0,0,0,0,0,0,0,0,0,0,0,0,0,0,256,256,256,256,256,256,256,256,256,256,256,256,256,256,256,256,256,256,256,256,256,256,256,256,256,256,256,
0,0,0,0,0,0,0,256,256,256,256,0,256,256,256,256,256,0,0,256,256,256,0,0,0,0,0,0,0,0,0,0,0,0,0,0,0,0,0,0,0,0,256,256,256,256,256,0,0,0,0,0,0,0,0,0,0,0,0,0,0,0,0,0,256,256,256,0,0,0,0,0,0,0,0,0,0,0,0,0,0,0,0,0,0,0,256,256,256,256,256,256,256,256,256,256,256,256,0,256,256,256,256,256,256,256,256,256,256,256,256,256,256,256,256,256,256,256,256,256,256,256,256,256,256,256,256,256,
256,256,256,256,256,256,0,256,256,256,256,0,256,256,256,256,256,0,0,256,256,256,0,256,256,256,256,256,256,256,0,0,0,0,0,256,256,256,256,256,256,0,256,256,256,256,256,0,256,256,256,0,0,0,256,256,256,256,256,256,256,256,256,0,0,0,0,0,256,256,256,256,256,256,256,256,256,256,256,256,256,256,256,256,256,256,256,256,256,256,256,256,256,256,256,256,256,0,0,256,256,256,256,256,256,256,256,256,256,256,256,256,256,256,256,256,256,256,256,256,256,256,256,256,256,256,256,256,
256,256,256,256,256,256,0,256,256,0,0,0,0,0,0,0,0,0,0,256,256,256,0,256,256,256,256,256,256,256,256,256,256,256,0,0,0,0,256,256,256,0,256,256,256,256,256,0,256,256,0,0,256,256,256,256,256,256,256,256,256,256,256,256,256,256,256,256,256,256,256,256,256,256,256,256,256,256,256,256,256,256,256,256,256,256,256,256,256,256,256,256,256,256,256,256,256,0,256,256,256,256,256,256,256,256,256,256,256,256,256,256,256,256,256,256,256,256,256,256,256,256,256,256,256,256,256,256,
256,256,256,256,256,256,0,0,0,0,256,256,256,0,0,0,256,256,256,256,256,256,0,0,0,0,0,0,0,0,0,0,0,0,0,0,0,256,256,256,256,0,256,256,256,256,256,0,0,0,0,256,256,256,256,256,256,256,256,256,256,256,256,256,256,256,256,256,256,256,256,256,256,256,256,256,256,256,256,256,256,256,256,256,256,256,256,256,256,256,256,256,256,256,256,256,256,0,256,256,256,256,256,256,256,256,256,256,256,256,256,256,256,256,256,256,256,256,256,256,256,256,256,256,256,256,256,256,
256,256,256,256,256,256,0,0,0,0,0,0,0,0,256,0,0,0,256,256,256,256,256,256,256,256,256,256,256,256,256,256,256,256,256,256,256,256,256,256,256,0,256,256,256,256,256,0,0,0,0,0,0,256,256,256,256,256,256,256,0,0,0,0,0,0,0,0,0,256,256,256,256,256,256,256,256,256,256,256,256,256,256,256,256,256,256,256,256,256,256,256,256,256,256,256,256,0,256,256,256,256,256,256,256,256,256,256,256,256,256,256,256,256,256,256,256,256,256,256,256,256,256,256,256,256,256,256,
256,256,256,256,256,256,256,256,256,0,0,0,0,0,0,0,0,0,256,256,256,256,256,0,0,0,0,0,0,0,0,0,0,0,0,0,0,0,0,0,0,0,256,256,256,256,256,0,0,256,256,0,0,0,0,0,0,0,0,0,0,256,256,256,256,256,256,256,0,0,0,0,0,0,0,0,256,256,256,256,256,256,256,256,256,256,256,256,256,256,256,256,256,256,256,256,256,0,0,0,0,0,0,0,0,0,0,0,0,0,0,0,0,0,0,0,256,256,256,256,256,256,256,256,256,256,256,256,
256,256,256,256,256,256,256,256,256,256,256,256,256,256,256,256,256,0,256,256,256,256,0,0,256,0,0,0,256,256,256,256,256,256,256,256,256,256,256,256,256,256,256,256,256,256,256,0,0,0,0,0,0,0,0,0,0,0,0,0,0,0,256,256,256,256,256,256,256,256,0,0,0,0,0,256,256,256,256,256,256,256,256,256,256,256,256,256,256,256,256,256,256,256,256,256,256,0,0,0,0,0,0,0,0,0,256,256,256,256,256,256,0,0,0,0,0,256,256,256,256,256,256,256,256,256,256,256,
256,256,256,256,256,256,256,256,256,256,256,0,0,0,0,0,0,0,0,0,0,0,0,0,0,0,256,256,0,0,0,0,0,0,0,0,0,0,0,0,0,0,0,0,0,0,256,0,0,256,256,256,256,256,256,256,256,256,256,256,256,256,256,256,256,256,0,0,0,0,0,0,0,0,256,256,256,256,256,256,256,256,256,256,256,256,256,256,256,256,256,256,256,256,256,256,0,0,0,0,256,256,256,256,256,256,256,256,256,256,256,256,256,256,256,0,0,0,256,256,256,256,256,256,256,256,256,256,
256,256,256,256,256,256,256,256,0,0,0,0,0,0,0,0,0,0,256,256,256,0,0,0,0,0,0,0,0,0,0,0,0,0,0,0,0,0,0,0,0,0,0,0,0,0,0,0,256,256,256,256,256,256,256,256,256,256,256,256,256,256,256,256,40,40,40,40,40,40,40,40,40,40,256,256,256,256,256,256,256,256,256,256,256,256,256,256,256,256,256,256,256,256,256,256,0,0,0,0,0,0,0,0,0,0,0,0,0,0,0,0,0,0,0,0,0,256,256,256,256,256,256,256,256,256,256,256,
256,256,256,256,256,256,256,256,0,0,0,0,0,0,256,256,256,0,256,256,256,256,256,256,256,256,256,256,0,0,256,256,256,256,256,256,256,256,256,256,256,256,256,256,256,256,256,256,256,256,256,256,256,256,256,256,256,256,256,256,256,256,256,256,256,256,256,256,256,256,256,256,256,256,256,256,256,256,256,256,256,256,256,256,256,256,256,256,256,256,256,256,256,256,256,256,336,336,0,0,0,0,0,0,0,0,0,0,0,0,0,0,0,0,0,0,0,256,256,256,256,256,256,256,256,256,256,256,
256,256,256,256,256,256,256,256,256,256,256,256,256,256,256,256,256,0,0,0,0,0,0,0,0,0,0,0,0,0,0,0,0,0,0,0,0,0,0,0,0,0,256,256,256,256,256,256,256,256,256,256,256,256,256,256,256,256,256,256,256,256,256,256,256,256,256,256,256,256,256,256,256,256,256,256,256,256,256,256,256,256,256,256,256,256,256,256,256,256,256,256,256,256,256,256,256,256,336,336,336,336,336,336,336,336,336,336,336,336,336,336,336,336,336,336,256,256,256,256,256,256,256,256,256,256,256,256,
256,256,256,256,256,256,256,256,256,256,256,256,256,256,256,256,256,0,0,0,0,0,0,0,0,0,0,0,0,0,0,0,0,0,0,0,0,0,0,0,0,0,256,256,256,256,256,256,256,256,256,256,256,256,256,256,256,256,256,256,256,256,256,256,256,256,256,256,256,256,256,256,256,256,256,256,256,256,256,256,256,256,256,256,256,256,256,256,256,256,256,256,256,256,256,256,256,256,256,256,256,256,256,256,256,256,256,256,256,256,256,256,256,256,256,256,256,256,256,256,256,256,256,256,256,256,256,256,
256,256,256,256,256,256,256,256,256,256,256,256,256,256,256,256,256,541,541,541,541,541,541,541,541,541,541,541,541,541,541,541,541,541,541,541,541,541,256,256,256,256,256,256,256,256,256,256,256,256,256,256,256,256,256,256,256,256,256,256,256,256,256,256,256,256,256,256,256,256,256,256,256,256,256,256,256,256,256,256,256,256,256,256,256,256,256,256,256,256,256,256,256,256,256,256,256,256,256,256,256,256,256,256,256,256,256,256,256,256,256,256,256,256,256,256,256,256,256,256,256,256,256,256,256,256,256,256,
256,256,256,256,256,256,256,256,256,256,256,256,256,256,256,256,256,256,256,256,256,256,256,256,256,256,256,256,256,256,256,256,256,256,256,256,256,256,256,256,256,256,256,256,256,256,256,256,256,256,256,256,256,256,256,256,256,256,256,256,256,256,256,256,256,256,256,256,256,256,256,256,256,256,256,256,256,256,256,256,256,256,256,256,256,256,256,256,256,256,256,256,256,256,256,256,256,256,256,256,256,256,256,256,256,256,256,256,256,256,256,256,256,256,256,256,256,256,256,256,256,256,256,256,256,256,256,256

[objects]
# player
type=object
location=0,19,0,0

[objects]
# enemy
type=object
location=24,30,0,0

[objects]
# enemy
type=object
location=31,30,0,0

[objects]
# enemy
type=object
location=35,10,0,0

[objects]
# enemy
type=object
location=9,24,0,0

[objects]
# enemy
type=object
location=39,8,0,0

[objects]
# enemy
type=object
location=27,11,0,0

[objects]
# enemy
type=object
location=58,19,0,0

[objects]
# key
type=object
location=116,28,0,0

